% RadauIIA3
A = [0.4166666666666666,-0.0833333333333333; 0.75,0.25];
b = [0.75,0.25];
c = [0.3333333333333333,1.];
Ainv = [1.5,0.5; -4.5,2.5];
ev = [2.+1.414213562373095 I,2.-1.414213562373095 I];
bAinv = [0.,1.];

% RadauIIA5
A = [0.1968154772236604,-0.06553542585019835,0.02377097434822015; 0.3944243147390872,0.2920734116652285,-0.04154875212599793; 0.3764030627004673,0.5124858261884215,0.1111111111111111];
b = [0.3764030627004673,0.5124858261884215,0.1111111111111111];
c = [0.1550510257216822,0.6449489742783178,1.];
Ainv = [3.224744871391589,1.167840084690405,-0.253197264742181; -3.567840084690406,0.7752551286084114,1.053197264742181; 5.531972647421807,-7.531972647421809,5.0];
ev = [2.681082873627745+3.050430199247409 I,2.681082873627745-3.050430199247409 I,3.637834252744503+0. I];
bAinv = [0,0.,1.];

% RadauIIA7
A = [0.112999479323156186,-0.0403092207235222057,0.0258023774203363910,-0.00990467650726642390},{0.234383995747400257,0.206892573935358900,-0.0478571280485407189,0.0160474228065162730},{0.216681784623250342,0.406123263867373311,0.189036518170056342,-0.0241821048998329395},{0.220462211176768375,0.388193468843171881,0.328844319980059744,0.0625000000000000000];
b = [0.220462211176768375,0.388193468843171881,0.328844319980059744,0.0625000000000000000];
c = [0.0885879595127039474,0.409466864440734711,0.787659461760847056,1.00000000000000000];
Ainv = [5.64410787595008948,1.92350727705471268,-0.585901482103816292,0.173878352574245725},{-5.04921463839140887,1.22110002889469179,1.75468098876083680,-0.434791461212581401},{3.49246615862543741,-3.98451789578249641,0.634792095155218739,1.82213759843425404},{-6.92348825644545451,6.59523766962814390,-12.1717494131826894,8.50000000000000000];
ev = [3.21280689687153398+4.77308743327664250 I,3.21280689687153398-4.77308743327664250 I,4.78719310312846602+1.56747641689520812 I,4.78719310312846602-1.56747641689520812 I];
bAinv = [0.0, 0.0, 0.0,1.00000000000000000];

% RadauIIA9
A = [0.0729988643179033243,-0.0267353311079455719,0.0186769297639843544,-0.0128791060933064399,0.00504283923388201521},{0.153775231479182469,0.146214867847493507,-0.0364445689051280895,0.0212330631193047194,-0.00793557990272877753},{0.140063045684809872,0.298967129491283479,0.167585070135248963,-0.0339691016866177466,0.0109442887441922523},{0.144894308109534758,0.276500068760159228,0.325797922910421030,0.128756753254909761,-0.0157089173788053284},{0.143713560791225941,0.281356015149462060,0.311826522975741254,0.223103901083570744,0.0400000000000000000];
b = [0.143713560791225941,0.281356015149462060,0.311826522975741254,0.223103901083570744,0.0400000000000000000
c = [0.0571041961145176822,0.276843013638123828,0.583590432368916820,0.860240135656219448,1.00000000000000000];
Ainv = {{8.75592397793836167,2.89194261538011740,-0.875186396200265026,0.399705207939965483,-0.133706163849215836},{-7.16138072014538703,1.80607772408364436,2.36379717606860837,-0.865900780283134519,0.274338077775194202},{4.12216524624337378,-4.49601712581339472,0.856765245397177605,2.51832094921106437,-0.657062757134360106},{-3.87866321972401033,3.39315191806495417,-5.18834090640718688,0.581233052580816364,2.80998365527971233},{8.41242422359428866,-6.97025611665666097,8.77711420415047324,-18.2192823110881009,13.0000000000000000];
ev = [3.65569432546357226+6.54373689936007729 I,3.65569432546357226-6.54373689936007729 I,5.70095329867178942+3.21026560030854989 I,5.70095329867178942-3.21026560030854989 I,6.28670475172927665];
bAinv = [0.0, 0.0, 0.0, 0.0,1.00000000000000000];

% LobIIIC2
A = [0.5,-0.5; 0.5,0.5];
b = [0.5,0.5];
c = [0.,1.];
Ainv = [1.,1.; -1.,1.];
ev = [1.+1. I,1.-1. I];
bAinv = [0.,1.];

% LobIIIC4
A = [0.1666666666666667,-0.3333333333333333,0.1666666666666667; 0.1666666666666667,0.4166666666666666,-0.0833333333333333; 0.1666666666666667,0.6666666666666666,0.1666666666666667];
b = [0.1666666666666667,0.6666666666666666,0.1666666666666667];
c = [0.,0.5,1.];
Ainv = [3.,4.,-1.; -1.,0.,1.; 1.,-4.,3.];
ev = [1.687091590520768+2.50873175492488 I,1.687091590520768-2.50873175492488 I,2.625816818958466+0. I];
bAinv = [0,0.,1.];

% LobIIIC6
A = [0.0833333333333333,-0.1863389981249825,0.1863389981249825,-0.0833333333333333; 0.0833333333333333,0.25,-0.0942079307083088,0.03726779962499649; 0.0833333333333333,0.4275412640416421,0.25,-0.03726779962499649; 0.0833333333333333,0.4166666666666666,0.4166666666666666,0.0833333333333333];
b = [0.0833333333333333,0.4166666666666666,0.4166666666666666,0.0833333333333333];
c = [0.,0.276393202250021,0.723606797749979,1.];
Ainv = [6.0,8.09016994374948,-3.090169943749473,1.0; -1.618033988749895,0,2.236067977499789,-0.6180339887498945; 0.6180339887498947,-2.23606797749979,0,1.618033988749895; -1.0,3.090169943749473,-8.09016994374947,6.0];
ev = [2.220980032989805+4.160391445506932 I,2.220980032989805-4.160391445506932 I,3.779019967010193+1.38017652427285 I,3.779019967010193-1.38017652427285 I];
bAinv = [0,0,0,1.];

% Gauss8
A = [0.0869637112843634643,-0.0266041800849987933,0.0126274626894047245,-0.00355514968579568316},{0.188118117499868072,0.163036288715636536,-0.0278804286024708952,0.00673550059453815552},{0.167191921974188773,0.353953006033743967,0.163036288715636536,-0.0141906949311411430},{0.177482572254522612,0.313445114741868347,0.352676757516271865,0.0869637112843634643];
b = [0.173927422568726929,0.326072577431273071,0.326072577431273071,0.173927422568726929];
c = [0.0694318442029737124,0.330009478207571868,0.669990521792428132,0.930568155797026288];
Ainv = [7.73861278752583057,2.04508965030390879,-0.437070802395798904,0.0866440235032616747},{-7.20134099970689057,2.26138721247416943,1.44878203453368125,-0.233133981212416565},{6.34362221862497133,-5.97155645948202012,2.26138721247416943,1.09085276229433580},{-15.5638695985549228,11.8927838780568414,-13.5008027259649512,7.73861278752583057];
ev = [4.20757879435925566+5.31483608371350543 I,4.20757879435925566-5.31483608371350543 I,5.79242120564074434+1.73446825786900750 I,5.79242120564074434-1.73446825786900750 I];
bAinv = [-1.64070532173925672,1.21439396979857767,-1.21439396979857767,1.64070532173925672];

% Gauss10
A = [0.0592317212640472719,-0.0195703643590760375,0.0112544008186429556,-0.00559379366081218488,0.00158811296786599854},{0.128151005670045283,0.119657167624841617,-0.0245921146196422004,0.0103182806706833574,-0.00276899439876960304},{0.113776288004224603,0.260004651680641519,0.142222222222222222,-0.0206903164309582846,0.00468715452386994123},{0.121232436926864147,0.228996054578999877,0.309036559064086645,0.119657167624841617,-0.00968756314195073974},{0.116875329560228545,0.244908128910495419,0.273190043625801489,0.258884699608759272,0.0592317212640472719];
b = [0.118463442528094544,0.239314335249683234,0.284444444444444444,0.239314335249683234,0.118463442528094544];
c = [0.0469100770306680036,0.230765344947158454,0.500000000000000000,0.769234655052841546,0.953089922969331996];
Ainv = [11.1833001326703777,3.13131216201181084,-0.758731795980807391,0.239101223353686050,-0.0543147605653389237},{-9.44759960151614989,2.81669986732962226,2.21788633227481812,-0.557122620293797301,0.118357949604667387},{6.42011650355933662,-6.22012045466975167,2.00000000000000000,1.86599528883177949,-0.315991337721364445},{-8.01592078481097030,6.19052235495304182,-7.39311627638238017,2.81669986732962226,1.55003676630984697},{22.4209150259060944,-16.1933902399992350,15.4154432215698509,-19.0856011786573598,11.1833001326703777];
ev = [4.64934860636329045+7.14204584067595280 I,4.64934860636329045-7.14204584067595280 I,6.70391279830706629+3.48532283236639545 I,6.70391279830706629-3.48532283236639545 I,7.29347719065928652];
bAinv = [1.62776671089012591,-1.16110004422345925,1.06666666666666667,-1.16110004422345925,1.62776671089012591];
